best_accuracy: 0.8988381624221802
hp:
  T: 5
  act_fn: gelu
  batch_size: 128
  beta: 1.0
  beta_factor: 1.0
  beta_ir: 0.0
  epochs: 6
  optim:
    w:
      lr: 0.0002972210629627541
      wd: 0.0018383293983087593
    x:
      lr: 0.026070879231635192
      momentum: 0.1
study: ./results/L_PC_SE_fmnist_best
