
hp:
  T: 11
  act_fn: gelu
  batch_size: 128
  beta: 0.1
  beta_factor: 1.0
  beta_ir: 0.0
  epochs: 50
  optim:
    w:
      lr: 0.00012243874591360667
      wd: 1.835199911169501e-05
    x:
      lr: 0.05038798558206877
      momentum: 0.4

