
hp:
  T: 11
  act_fn: hard_tanh
  batch_size: 128
  beta: 1.0
  beta_factor: 1.0
  beta_ir: 0.0
  epochs: 50
  optim:
    w:
      lr: 0.00011102395763121963
      wd: 0.00034191542161885526
    x:
      lr: 0.020272225800985682
      momentum: 0.45

