best_accuracy: 0.8274238705635071
hp:
  T: 11
  act_fn: hard_tanh
  batch_size: 128
  beta: 1.0
  beta_factor: 1.0
  beta_ir: 0.0
  epochs: 6
  optim:
    w:
      lr: 0.00015756692930515384
      wd: 2.7480603900710354e-05
    x:
      lr: 0.01927208236479854
      momentum: 0.8500000000000001
study: ./results/VGG_PCN_SE_best
