
hp:
  T: 4
  act_fn: gelu
  batch_size: 128
  beta: 0.2
  beta_factor: -1.0
  beta_ir: 0.02
  epochs: 25
  optim:
    w:
      lr: 0.0002690771766921473
      wd: 0.0046099332767522375
    x:
      lr: 0.06860685364419071
      momentum: 0.5

