
hp:
  T: 5
  act_fn: gelu
  batch_size: 128
  beta: 1.0
  beta_factor: 1.0
  beta_ir: 0.0
  epochs: 25
  optim:
    w:
      lr: 0.00029959151754717025
      wd: 0.003314230264294929
    x:
      lr: 0.01828189494026352
      momentum: 0.35000000000000003

