
hp:
  T: 12
  act_fn: leaky_relu
  batch_size: 128
  beta: 0.25
  beta_factor: 1.0
  beta_ir: 0.02
  epochs: 50
  optim:
    w:
      lr: 0.0001118499556957176
      wd: 0.0006549007915400498
    x:
      lr: 0.012682393749021853
      momentum: 0.30000000000000004

