
hp:
  T: 8
  act_fn: hard_tanh
  batch_size: 128
  beta: 1.0
  beta_factor: 1.0
  beta_ir: 0.0
  epochs: 50
  optim:
    w:
      lr: 0.00017498021803911615
      wd: 2.5721054255952748e-05
    x:
      lr: 0.7440875635530856
      momentum: 0.65

