
hp:
  T: 12
  act_fn: gelu
  batch_size: 128
  beta: 0.15000000000000002
  beta_factor: -1.0
  beta_ir: 0.02
  epochs: 50
  optim:
    w:
      lr: 7.67519702690274e-05
      wd: 0.004202804226490381
    x:
      lr: 0.03325378866925405
      momentum: 0.25

