best_accuracy: 0.22075320780277252
hp:
  T: 12
  act_fn: leaky_relu
  batch_size: 128
  beta: 1.0
  beta_factor: 1.0
  beta_ir: 0.0
  epochs: 6
  optim:
    w:
      lr: 4.1875592144321886e-05
      wd: 3.4901249493240924e-05
    x:
      lr: 0.0201665922554088
      momentum: 0.30000000000000004
study: ./results/VGG_PCN_SE_tinyimagenet_best
